variance mean std
80.90023048696786 122.85465026705012 6.544857029410208
80.49142656674042 121.7735398072571 6.491572041298579
79.71482055048827 120.03211032517429 6.471816588744732
77.89516094490799 118.2577074596518 6.45574849121086
78.05118343701928 117.1669252880873 6.444238231738968
78.43252356226223 115.98446004374587 6.460013522407672
76.81861972888738 114.2060341758633 6.375728423963865
77.79929585151244 113.14411742241006 6.364379071845713
76.67714593875498 111.79397016900835 6.328468133743627
75.24808467468266 110.19945625936936 6.365063986740197
71.11530608520874 101.68117024508811 28.53534992946561
81.71153999633398 124.88521200914298 6.527818554183141
80.96188674047195 123.7132513869802 6.640703564708802
80.18928809280247 122.28049370148874 6.524283949681991
79.87634408749157 120.45448641214375 6.470362678063862
79.87560350192201 119.31295320967865 6.5469411189274975
79.2820966679092 117.62521292553326 6.493126543574967
78.57729737882232 116.20911613461637 6.455067153629449
78.5900759302126 115.06699080891687 6.3898827408591705
77.8330610179744 113.60657527291191 6.4831378338031
78.10839705675681 112.01003454933442 6.36704132338094
73.47688856488824 107.7651216802989 22.312221225442826
82.30326923954968 126.53657408596901 7.23867786040656
81.5124358387301 125.9035540743379 6.549390634355255
81.73748701756111 124.49846208597067 6.601746394222925
80.6990296970288 123.14329330348056 6.563963771968307
80.5214381871208 121.91957819845001 7.180951288501323
80.72728960494749 120.05153709349594 6.561064305494061
78.89799311700308 118.32078014545084 6.536886039212139
79.38686256011567 117.65900373409201 6.4631899794987335
79.556903351207 115.611549224116 6.4693230826475965
77.90119599233466 113.95781785850374 6.406806673103008
78.47877943684132 114.4190536437247 11.129594391761907
83.10067775670105 128.72207084468664 6.749951637239544
83.64692607138134 127.33683475168297 6.673294469985884
83.20603826965659 126.38635032965914 6.640190135371946
82.62446010969677 124.79429872541786 6.593261597582514
81.82841251005671 123.7543855188895 6.585774283666134
79.85014271673185 122.07450646611957 6.6126560503688365
80.54780721153189 120.6305957804189 6.6891284471055865
80.94874144142072 119.03592341768929 6.531039658193156
80.604572086817 117.41692754065816 6.463335104913803
80.2968123313844 115.70421639227462 6.476615919424702
79.85062849526292 117.02368620515412 7.179021754076183
84.77487857949748 130.74146937725166 6.79513266876532
85.69098012321972 129.96706876367892 6.665741524682367
84.00480103803267 129.12478038346956 6.781055431327494
82.6941357115893 127.51849027830728 6.721822638763345
82.16010350783375 126.14362622817289 6.6103227376695575
82.74590567111731 124.69675796534376 6.642702002959799
81.75050454385804 122.6587141947804 6.613225759119974
80.55503454523777 120.71307770441848 6.55276824625148
80.40532358204091 118.96154727647763 6.5156914492368605
80.3409438999591 117.74825859263778 6.559343621917263
81.43530163153066 119.31134821790198 6.988486406743498
86.05537836065862 133.2595078877385 6.7537147011476355
87.05285348584162 132.4593535498412 6.729795192153711
86.96224025636523 131.84619513816108 6.724922474410597
86.06672997204055 130.82619972402514 6.729950009478027
83.94372743481047 128.66375099107395 6.708792092952544
85.01468778696572 126.74996163486624 6.7232308932513485
84.3198774578441 124.95112590212429 6.691749346425861
82.63933881981544 123.09140742248111 6.951553881901812
83.0627583108428 120.92639768133628 6.60730685724308
81.83815508121039 119.22301718650542 6.546530193959416
82.48553512550201 120.76863668591108 6.94305446815015
86.06935121481766 134.52666683801985 6.851277691123466
86.45452712044221 133.37279147439003 6.7743514869595005
86.7404543034677 132.5206897428724 6.8359933293604955
86.71331245932241 131.90525591353997 6.7607670057891145
85.7541981467081 130.38424122036315 6.830922221168814
88.06485208567769 129.17973506559673 6.841842269509564
85.64773818265718 128.27643393106956 7.007190347570079
86.54694746177087 128.0350222788033 7.537652881575614
86.09546995940224 125.76974670358985 7.252374585175054
85.83701169415423 124.04714438285104 7.199996167370684
83.26303781101936 125.06637626262626 7.406239305865178
88.1305985433373 136.88529525279816 6.877002083204022
87.90159331684508 135.22847109120522 6.8923140182453375
87.36206465619368 134.46284144666564 6.781618008724854
88.18133044589712 134.21199562685922 6.79351675144972
88.65933508686888 134.13422665208878 6.938209069814339
88.93826149455415 134.79938970120787 6.936738749623135
90.16324280202096 134.6528791152917 6.948704519712215
93.25902289226377 137.18546005397423 7.190488119967996
90.58653791457128 133.3917754967224 7.026923310449791
88.76036928264884 130.01305011447468 6.998086227346361
90.50595357712221 130.25561769447802 7.194387919853411
89.67057836511752 139.2910697291597 6.9264579390589605
90.24040228376307 137.56448945319457 6.970341876384449
89.7259310733209 136.21414943142793 6.834498180644308
88.70385861658025 135.09934600605644 6.813936084878527
87.16057232638099 133.82625467878697 6.885818977290755
88.85066289671693 132.7824637312293 7.0716687419346815
88.35447455977923 131.22405162995148 7.1288630396546795
88.23345966683142 130.4274425104815 6.955029370729219
87.31814743789904 128.4800503829614 6.891498330041384
86.72939967754786 126.51478989462994 6.818754401263729
84.93582107162308 127.18217721518987 7.0216738173802
91.78363960940331 142.23079990737645 7.000643595477774
90.26004464363069 139.81486245542536 6.93875161178879
90.12528826332886 137.69185632096125 6.913615423914311
91.37960714426754 136.55376714074526 6.907792961457405
88.1200528404102 133.83728895566477 6.841612705744367
88.10864089238531 131.90355368742834 6.779572787215351
87.76126056005971 131.0649345689699 6.812336892256644
88.00511332321017 130.3730645818478 6.8318195173739
87.60449686590258 129.0085148565183 6.825375013819725
86.64099496046374 127.33576948497635 6.957454858173944
87.07226239687164 127.32634126663977 7.260569574513506
93.53205348896289 144.08785572893905 7.969588277649704
92.94166883711705 141.77735897109386 6.997429889270834
92.62745750375947 140.01197505726648 7.011353930892322
91.74410034928567 138.30635543550278 7.0017137643120515
92.1155576299249 137.15463602313554 7.029427874295526
91.86470536290965 136.17238878143132 7.155892181121871
92.86152439756559 135.63151743063318 7.445172151598167
93.4200564649748 135.64488593059295 7.783653428306185
92.65708615821708 135.12685675043238 7.641747766035409
91.32381499679717 133.5613653699466 7.608526281288271
93.07074837971868 132.43559112055016 7.586082191904263
162.85984353321703 257.73865036976173 9.437809215836747
161.33575501024595 255.40971851399803 9.301427235739721
160.59335576622465 252.02796295353926 9.457232694867193
158.8365483081924 248.21080188079807 9.351393599971372
159.3478833208734 245.79901299890616 9.358307228905481
159.8764214659133 243.45467724706242 9.29897650571818
157.1804069984408 239.66973503534558 9.253289543443309
156.87957883044646 237.16285168682367 9.226910541281427
157.9682029280379 234.41676847892487 9.16955868168841
153.4842257986991 231.0353939578728 9.217618680663158
144.5877436006103 213.19741239619202 58.81678039373658
163.4858028442427 261.92996378765696 9.491834760448798
162.64272559467392 259.4611391052069 9.535954970451582
162.23296540357467 256.5047839584712 9.53184589086364
160.68261616598147 252.69228026386165 9.410537976458581
160.9026551543084 250.221159228538 9.57016208831599
160.67071477499718 246.80131187552436 9.352757693871506
160.16378336301554 243.89201160837024 9.31766203669233
159.29261873243638 241.5407759102219 9.33807143173377
156.68962763889127 238.2969789286621 9.448660143908313
157.03507367889813 234.8125698607865 9.17544267016224
149.0250347791597 225.9848783197011 45.391085060815136
165.1321252652522 265.32792065979805 11.305419845936315
167.05471999125797 263.8909100160277 9.418309860111098
165.431285569524 261.0441269921964 9.533525774392901
167.71045946402734 258.2244555261551 9.469033551979397
166.11789243695117 255.7555329691272 9.491371168856313
165.97240309592738 251.73282520325202 9.500027318160514
163.25874127215107 248.36301683364695 9.327308300151666
161.65288006415472 246.676683516651 9.434691286973743
159.7048219180729 242.43734099928767 9.382749434905925
159.39866710255907 238.9831322240569 9.336431915549959
160.18202887877192 239.97203947368422 21.162143982955744
170.0884085710785 269.83898000102823 9.967770696785186
169.5279128492025 266.78092213895593 9.720723192258815
168.69264317424842 264.8430364279714 9.729745560878321
168.14080562150704 261.66837967792 9.546288266201746
166.9615622195115 259.4377780602517 9.489032089648243
166.84166995270846 256.0994435834244 9.611231963604311
165.1311556665627 253.02397007557445 9.548740107150506
164.74879179393992 249.67330312134018 9.375573592314948
163.9620667327402 246.2721488381563 9.375656866099671
162.90359016148642 242.58108348812948 9.403329851796435
165.06662054703895 245.5067458312279 11.602802218377029
172.9698590374855 274.2772002058672 10.024375149995281
171.2001557316956 272.5970988675404 9.807343660364651
174.32572266118007 270.61821098464594 9.847649320467264
171.29477362178346 267.14654975219213 9.761119714601902
170.04830017997458 264.49608002850886 9.811289440401868
168.0947179390381 261.4803851821739 9.628870624737823
169.26745792296947 257.37922342457034 9.564382166381591
167.21070188098577 252.982656170645 9.591375852138047
164.24650650661806 249.50087855560366 9.502366195398695
165.39771002265888 246.87268659751882 9.519747162366544
168.73953149877195 250.1625658161199 10.921903241059798
175.4308951323971 279.86444616576296 9.829314531123627
178.5689635733436 277.7683638971417 9.747398310509325
178.0632090370065 276.2413026251885 9.774945102093678
178.17814174516388 274.26529360658253 9.76882373630538
177.95394748318907 269.75620859868536 9.833539236406402
174.3368571536782 265.76140054732855 9.812810036222821
172.30750771462812 262.12975288807286 9.57681559096423
170.3817677812603 258.0381768700562 9.622493673172976
168.03783486043494 253.63976813362825 9.540711901074616
164.05486721954145 250.04412476129855 9.526727679664683
166.493363826763 253.04335055201054 10.743178097351967
180.315852384557 282.24209633475556 9.93854042594853
177.02186547395624 279.80700099431454 9.765885363891977
176.00138946897385 278.02655069810027 10.04731961036788
179.08413478648816 276.63827997553017 9.800248364241682
174.2577728107618 273.20681488272595 10.09006891673036
175.60411917821358 270.7418541257993 10.076848986729157
177.5941638281825 268.7839975584323 10.550160964711177
179.85968453814667 268.59078294080206 12.084922646779305
173.90896961049535 263.8895099209878 11.429238357335448
173.4352827464434 260.2245333875807 11.096220245782508
178.19141505736937 262.39868686868687 11.902082301845958
179.14194742956963 287.09476392641193 9.995325538178554
180.58546510270946 283.6007990635179 10.218464207383281
179.45839557542556 282.02851111450224 9.868596168742036
179.94789183283243 281.45178103785815 9.960929813161567
181.7330941946698 281.12164051971826 10.153175449747298
182.97599513568534 282.3451493960585 10.269377815770879
184.22775001258614 282.09830939366975 10.194005432981024
189.76417067158215 287.62719588573754 10.837604195282898
187.13621796500436 279.99369886681234 10.53419117586657
182.95840279231714 272.9723755500725 10.150797247477044
182.62494235900198 273.1356307940347 11.011038073944206
185.8549247969464 292.3799994855835 10.137134629047848
181.81279475127997 288.4995547187095 10.196658117231596
184.35653577200935 285.472232822 9.945275144580554
186.88001914738055 283.09293330279667 9.989714192386783
179.77885701565768 280.59521808876326 10.030636384785192
182.54778865948325 278.4817256299313 10.583065928830647
181.01066264153786 275.15943796529206 10.810906893456464
177.64759784083563 273.1683394740185 10.329881258510687
180.1943601832601 269.27053435114505 10.180413221355348
175.85392223745504 265.2614954932081 9.983389120028043
179.9741139069416 267.0826075949367 10.91127728833645
190.31242207180432 298.12858907070085 10.272413251833528
185.19340584895266 293.37794192562404 10.125732477533688
185.6713998145707 288.83880657807646 10.322553818347302
183.25085431680094 286.1797420604578 9.967540055775997
182.1038121154139 280.62481855916883 9.922286353086827
179.9036233650643 276.5844605782703 9.986400940103419
179.18769981901087 274.81189530502087 9.882728406363878
179.80949174666918 273.2321228481206 9.881790796319683
180.10648341686004 270.3603436443586 9.995156619152736
178.83529127174566 266.8532716457369 10.306060223274804
177.0628104873534 266.9655607099637 11.085570053032095
192.72311630321428 302.2194143808324 10.256873517329904
189.78030909434187 297.3907551254298 10.203185523711578
186.7738797332827 293.61822346653094 10.085645412652964
185.4494695968397 290.1171448957749 10.148292129399186
186.18622846999298 287.5561189390272 10.354599625688916
184.972461287443 285.6285503410363 10.795812983493546
185.66475945988714 284.45198587147104 11.578430050248873
189.13454171279565 284.72196534728926 12.630491680336917
187.53508776620612 283.5500050869875 12.181409484613967
186.04527407088042 280.3172387490465 11.933821578276984
186.95609576059317 278.39517597087377 12.287136425087628
244.44603616599989 386.8042317173377 11.85968175925184
240.32035999343617 383.4722963867063 11.624456163449544
244.50068882309506 378.34967686122843 11.742575262403452
238.2594748452243 372.72769093912825 11.61576614995915
235.17947071790707 369.11704103177226 11.4690766287734
238.24647360668493 365.54473777913427 11.555014056852906
234.47880925455635 359.90642323144993 11.520300541399141
237.43918297427746 356.2461871419478 11.537420913404429
235.27882659333255 351.92868051313377 11.368529949670238
231.16274621445714 346.87466016210584 11.466133429590467
218.71967267379935 320.04878975086086 87.83472471380726
246.652299399857 393.00151526825385 11.937426348614114
241.1724853237801 389.4867409782664 12.017651990046717
243.2751823669303 385.05730863192184 11.849377324186646
238.1904799673367 379.42540676800854 11.72080284776357
238.5285589434719 375.6492799348634 11.972838378154377
241.49891963087174 370.5399791523657 11.569950876152332
239.07444141294857 366.2354004378596 11.745595267580663
239.11250372959606 362.61666582034223 11.593716369316168
238.41281234082055 357.82650418888045 11.93137948050222
238.5762624008757 352.5733665277919 11.47757617511901
232.73805415557132 339.4150509946481 67.59344230988462
251.32887803626963 398.3052336784769 14.925208934685273
249.52601615802226 396.2663647696339 11.770426280999637
251.81538191251371 391.8424798556214 11.934319104671308
246.95067702499892 387.66558111133725 11.747825803033619
245.90994971265985 383.9239486723415 11.745874996777703
243.55014794076777 378.0511178861789 11.799141122776277
240.0580487985494 372.78306972486394 11.579456949938264
242.60259167504233 370.5039500088907 11.727384060678432
241.77073811648418 364.15036886288476 11.592009220518111
237.8708014927233 358.7247046869046 11.523637107444644
245.50714943753562 360.23372975708503 30.674815717351652
256.64602903930006 405.157112744846 12.725154170351807
254.25477301207 400.5655277530802 12.027429663459646
253.63707632985722 397.6556438063235 12.124111890253884
250.61948163852992 392.9906884445123 11.853659747424269
250.68442014268393 389.3709767631057 11.836463045135098
247.42702221785405 384.5458980157016 11.985623073495109
242.4720981208596 380.11407414946945 11.994379027872306
245.72652237193202 375.0071795916289 11.7628239209963
243.8229111985087 370.04563386017156 11.659566477765159
241.220715030205 364.28331509707624 11.660415351602829
240.8012286149997 368.766245578575 15.56827941970724
260.67262743756424 411.79390118373647 12.701340621191394
260.09080503240966 409.114444953428 12.175502468635862
261.7134694277654 406.2589056094518 12.272816324962955
262.7052237894608 401.19252764010673 12.32472753375449
254.4941044967562 396.9945783592537 12.207848223853858
252.90102548980556 392.5018039534529 12.000205775698717
248.09572307457162 386.359898154042 11.833383591406653
248.97165464295918 380.05355510411374 11.965081160069861
244.34430218692384 374.6906211006137 11.832234830546692
244.45980398030574 370.80786048403496 11.744554907770663
244.56586928787664 375.5595635884974 14.409133797388114
263.77976374183567 420.14771876371714 12.279065620929385
268.47155175196 417.0205409281836 12.146355274877104
267.28854246507666 414.65611819738757 12.148709384014126
264.4731585355166 411.79061685490876 12.285078769601729
262.56391404025845 405.06238011202333 12.174835731095147
256.75979991726365 399.02698278728354 12.26406655466163
253.26134520319746 393.5028179430291 12.044873129627307
255.92810577184264 387.52063992674925 11.932102351787337
253.5420779173805 380.78682022729004 11.728116926427703
245.96464359487925 375.5918268618714 11.807049125656773
258.733827878912 380.086903676694 13.731796172718346
270.4735876716308 423.7461059990747 12.351620632254484
271.5877427584124 420.13117303622874 12.216554984083446
266.5375630337865 417.3612319117011 12.692847259817666
265.2855746457042 415.2780638254486 12.287316847200053
265.3969105543802 410.3366185346474 12.770823271368691
261.8783568580756 406.5806139345306 12.749817370617702
265.8507248612349 403.65004196444465 13.616565351914799
262.1608157701284 403.12140038192234 16.075684265472546
260.4099339189422 396.16234343639644 14.951743493375405
257.65808764539605 390.64903626099783 14.555874292115803
262.7232468203221 394.2229797979798 15.932427582770647
271.7493294070833 431.0750032162614 12.630121682297865
270.74744477682054 425.77669482899023 12.772938975762454
271.7549596697539 423.5247978025332 12.320449218619673
274.4579415284026 422.56861000228827 12.354839805409924
274.2336291566494 422.33908820463273 12.751750858148663
275.3175793271329 423.9122186904005 13.022714476569096
274.7423988210629 423.5419346637854 12.85035305130396
284.6739267452426 431.7035490605428 13.832983424647155
282.69270977123455 419.7829412063621 13.143664222677996
272.63964403903464 409.4343601353242 12.709678514954431
277.32344176337614 409.962061668682 14.188962135051936
279.35821576621873 438.8237351783739 12.798010748067883
279.433487728062 433.11630747309226 12.83092728463419
274.37766601017813 428.6401587422728 12.40860149008441
270.91946964336256 425.21884622235797 12.370335640990083
276.1360634569 421.48626282687854 12.675446675025265
271.8943577836935 418.0773224739119 13.590015858522033
271.19744336534825 413.11344868765406 14.015053978031402
269.6420543308759 410.19845000635246 13.06819428317222
269.2660884865035 404.23740458015266 12.741182970356494
264.50177109608546 398.1563793322331 12.45432045710562
263.61421956241065 401.0497215189873 13.941948314612462
284.64493337334363 447.64644437583615 13.023021627512414
285.1169559405602 440.48858889454914 12.791814748468635
278.1014758397188 433.56376966549567 12.911418236519125
279.29071228746886 429.85201610847736 12.637929984996402
271.69266717649043 421.2529221523339 12.500898076939535
271.1315311563337 415.3457648707171 12.312008777497699
270.3999886607298 412.63328071694076 12.302746253013606
268.4693711345339 410.3566007945401 12.264947574208866
270.1505668276602 405.99118013369593 12.536247848824832
264.3894988316062 400.7318623214195 12.949060105770851
268.9889022481837 400.9010185558693 14.638929760162041
289.2584642967604 453.555207074732 12.804013256543277
283.74988160704737 446.3194621300871 12.766453754754291
283.2052345135382 440.8222957495546 12.685168275622818
285.04784617578855 435.59584119056115 12.649488602904709
282.4301578260154 431.79300328687543 13.072450390358691
276.4665214916499 428.8905120635244 13.754266643012965
279.69002194765625 427.1864518751906 15.207830636389156
278.4894451921514 427.5159290686449 16.794973008175273
282.1839579728251 425.7065825618069 16.186384999093566
279.05502498098224 420.60536486142894 15.488457606951876
276.8911378803829 417.3827366504854 16.207878245460243
321.98544051754675 515.8238496302383 13.891782648517852
323.0739652134916 511.2024817555369 13.679435146841138
318.21451106509306 504.2703679202076 13.743689844428097
315.9823144255258 496.87243614182233 13.668012723168935
317.043820747723 492.2569764188141 13.494326334220611
313.7487115284896 487.35891957881887 13.504702186677623
313.9389212420832 479.6747698723491 13.384119149069699
310.76476316297914 474.84099299809037 13.36461273608424
310.8920232841806 469.2773874974547 13.272769499954103
301.13936486232103 462.5954213989887 13.372172734195694
286.1720576903939 427.0405104314361 116.49112004181809
331.0790317979373 524.0902997149241 13.907676956221271
328.0830630036976 519.3612256324121 14.278943833802538
321.2311137337383 513.143060715558 13.83326818690201
319.8126742309346 505.6921274482337 13.775703290225968
322.13339266855183 500.87557885094907 14.126281033561982
313.70203811046616 493.963186128696 13.60791408340304
312.3588798392504 488.0959217962426 13.669180137435564
318.43682552748663 483.33895292743614 13.526381918812158
312.9747574411657 476.87600913937547 13.94595916278541
315.64906393550075 469.9676862107509 13.413031281314954
304.8250077103498 452.83358578208623 89.16924854221152
335.7422327277347 531.0955011433416 18.518486020163593
334.96614279159326 528.3124125473835 13.83895985009678
333.5696419139388 522.4213924404565 14.083308211805145
331.76514583582684 516.767860777529 13.756604667962197
330.78550431857394 511.71403887688984 13.722714309722363
328.1036051433651 503.852337398374 13.875410219110544
324.90778050761037 497.07521741341606 13.555484953697341
323.0607292312799 493.915919424899 13.793233281384458
318.15799527061114 485.2640549478504 13.685982820820543
315.8609376627727 478.13971802362505 13.477275374526615
320.6921474882144 480.5576923076923 39.760139905467774
339.5407204777785 540.1542337154902 15.01140314156585
338.79855270462974 534.1941826495618 14.35507761291947
338.7955771466912 530.1312017921239 14.160487464689755
333.15186262153526 523.9583280331748 13.945664392430997
332.76627770247393 519.0018304774495 13.850279522180491
327.14839339487173 512.4290251276709 13.977045702367214
328.65863065928005 506.6752843583806 13.941138684498418
323.81421193633435 499.9406792606548 13.764717464258835
320.57029163791776 493.1377669186328 13.657975886178994
318.86844393688136 485.5268581897758 13.529802361523828
320.42566732906454 491.1342091965639 19.512140710926328
344.83911769635137 548.9715388574369 14.862464899347668
349.00018566765766 545.5147474233363 14.302988536311412
347.51347286139145 541.8579176533497 14.52200833094338
346.41931880588504 534.8517981954506 14.574902487816294
339.0170871588313 529.2700198544011 14.390928335620448
336.8226762419387 523.0519843487982 14.167722098333691
335.35354438486405 514.9657033736473 13.886632326846518
331.31246918243636 506.79309294057896 14.0690711662052
328.9279376753445 499.59566069927934 13.904352224894007
329.46483761772805 494.1381940207444 13.692460774551146
339.7927056151145 500.92203321182666 17.60014928219884
355.54367977129704 559.9626139268287 14.308084797389803
356.10035120151406 556.0100399549226 14.216016677413686
349.99636281249826 552.8272794662713 14.2135111262016
354.62863747455833 548.9413327882256 14.491406111301163
346.2905233109851 539.8765697332412 14.420134722960166
342.629071687946 531.938668508146 14.438806877288561
341.37047560861146 524.4285313543978 14.058511866916202
341.13349364652044 516.3317648854185 13.997457475750247
327.5426305801109 507.6479800676277 13.742939392192415
326.27580008547653 500.5628516868237 13.675487844118448
329.1116012127231 506.38134305682166 16.62043487291419
362.1053134400086 564.8800699120958 14.514951637253562
356.1249131185558 560.0171328047319 14.324798638273082
354.1562215313343 556.343226265863 14.915927536856698
358.1305070107433 553.5451672104405 14.372249251717642
352.51693719000656 547.0808057656557 15.053325646314258
351.5649258657396 541.8931601069927 15.310990682471063
348.22319770332024 538.2142475647905 16.441154273200905
352.7009124540117 537.3014385741566 20.034023064334605
344.0076350692668 528.3436396433018 18.58856979225976
343.87233706652665 520.8863855973148 17.83309689321471
342.59209866181664 525.3762121212121 19.488491980060463
368.50869249693477 574.8640679274412 14.732232285793263
363.73056212106417 567.7994706840391 15.136963907025276
358.2380062321384 564.7175339539142 14.411246128350369
357.7278721879591 563.393760646818 14.518452702727416
362.0013258012872 562.9279666403926 15.154397364382229
365.46930541924377 565.1448696757788 15.397406574919476
364.7143736585043 564.7070547858142 15.202373632139253
376.2001286830682 575.8837398788003 17.385786306908848
370.4641077402735 560.0980232735403 15.854076974408569
359.76191787204147 546.2168748251214 15.17296234146245
359.9118202323233 546.5438835147119 17.169303942162614
372.73677703585383 585.1956583245454 14.904714892307446
369.80477153465716 577.4461718531335 15.12686405347797
368.30438969605206 571.723116843471 14.560982814489627
367.37568233107 566.925872203985 14.49184664585387
366.99762987844974 561.6701041427953 14.840392399489046
360.285119432807 557.3724102825146 16.296113609242877
361.18249895332076 550.8026018243261 16.966953767525776
359.1589100458924 546.8735357641976 15.532173125863807
358.4377710126309 538.872417302799 15.154637195761492
348.4855757290286 530.8974482671067 14.7462151205313
353.385923754292 534.5807088607595 16.9735644295738
382.24472043833214 596.9529690233611 15.243943602900217
371.30792395355604 587.5050942435048 15.036084580297068
371.86141296262264 578.1109923120005 15.132767057638231
362.76195005510834 573.0882907682112 14.770313023868432
369.4407813796812 561.756092592121 14.817648784610817
358.8626524966602 553.7264621968616 14.534770846434725
362.421979118954 549.9972503691635 14.369275213172369
359.24014761645236 547.0488438423143 14.48056783700531
353.70539224844896 541.2176498996009 14.831088880330153
356.0892001775194 534.0781941125629 15.481238908741455
350.2936676167455 534.3296692214602 17.746539375102884
379.0936447762839 605.1192575644618 14.949357993528812
374.04899232196817 595.3136221254489 14.960351434021636
369.91745531223233 587.763349452787 14.74324535404434
370.99625357574814 580.9549462310789 14.909299685345456
372.6373993533179 575.9149998726017 15.591187267601082
373.25440063769304 572.0601649190675 16.78507473413013
372.90680108714486 569.6355828844395 18.823681579270524
369.1518177460071 569.8926375692292 21.081429733202356
373.4594140179184 567.6561705158206 20.164230776620997
372.46410082355845 560.8546147978642 19.242991049285802
362.44256319515114 556.4251618122977 19.843584249841147
572.1981550531303 905.3210764174199 19.48335356461615
568.6401671555691 897.2622371398785 18.8381470011797
560.803198523727 885.1551574983462 19.263185626366617
561.6171954694589 871.6987673147795 18.88621886289145
556.7081046737693 863.6155783368523 18.633041946880113
553.7747428992903 855.3640571748309 18.920795008864648
554.7084562329602 841.7247622438082 18.447375397755437
556.769639091875 833.1042138765117 18.510651284272715
546.9616103994259 823.3277336591326 18.380843742341668
533.1565307160104 811.750184211195 18.620378473398414
498.03229640382654 748.9072311120113 203.8551433223122
580.3136952238659 919.7463595038139 19.448676197400015
581.4671384780496 911.1758538199216 20.114998279997334
571.3173987991929 900.7434475036897 19.495987516925467
565.7223464262554 887.4365178412246 19.01957556946005
561.5786836330277 879.168795481146 20.10842361058873
561.7321403946653 867.0004322070527 18.85347320265262
554.7191077768712 856.5343923425487 19.17581586493284
553.8958315673356 848.3126999441425 18.991083664085462
541.7661327435981 836.7369383092156 19.58888103194594
549.6904073162735 824.9008230870846 18.627956596631044
527.9723037264962 794.4150257497728 156.07748848719982
596.5264518813756 932.1524944766994 28.768573458941027
589.7942132881656 927.250922227593 19.162820947740183
585.5968046249956 917.0012963574897 19.675612333599013
587.1193960680082 906.9068797069001 19.16274376021707
572.9172473881524 898.0817685173422 19.1016593197824
573.0656568650862 884.4160991970729 19.464331726233205
557.6691102933314 872.2034277577176 18.75208319610387
564.2359960783402 866.7637361241649 19.405143365969487
562.1224510069316 851.6424828287967 18.932659677998124
554.4459148433781 839.015673821923 18.69590503518276
559.8228782924925 843.0726720647773 68.0475735348607
602.0667365772691 948.0184042771951 21.874013527490412
597.5408601192202 937.4501854392115 20.046088300170254
597.9400440010331 930.5478147987884 20.005102207743587
594.2190093856109 919.5025948916251 19.42117296970463
580.451672225615 911.2334367214115 19.362304508343865
579.3315279557193 899.3700363303777 19.90473965438132
573.8231334271368 888.9478103768544 19.626280613075444
575.0004692153082 877.0090126788533 19.05280283240755
567.519134326594 865.3425975414217 18.918830760560613
564.651653053583 851.9678872235935 18.718100927912154
583.4042403723688 862.2438605356241 31.144866902049852
611.6659679133597 963.5722700964631 21.365398767557718
612.6811336071264 957.5578733146782 20.2552698662642
611.8773119066074 951.0381422824261 20.622941670923986
601.7046421980673 938.4838488321855 20.70805458431123
595.2062625531468 929.005422192806 20.06291232720926
591.9667661305199 918.2091918396383 19.767634620655265
584.7397204200566 903.8020064164588 19.287139218240934
578.6374879954927 889.0989334687658 19.57242337364048
576.3878143348479 876.6789070258983 19.502825113577217
566.0432412271928 867.1373805165751 19.015906310113863
572.3497008810247 878.5825232887809 27.431335872624004
625.0187203109958 982.9466460268318 19.907282440822875
617.3591844048725 975.8955827404412 19.642218646326278
618.4473737499042 970.4493675737831 19.545702037844613
617.5277420095866 963.5899034285422 20.282994904191497
613.7514804522535 947.7587723785166 20.134254787348937
605.7121962203632 933.563829787234 20.313097255664545
593.4892520240497 920.511259021243 19.525696450328248
588.7640445399221 906.3539345846687 19.595656598969526
575.6097858166643 891.1286705819541 18.907540403953316
573.9635076257164 878.7715340547422 19.057444254382553
590.5873538804486 888.91096931024 25.473929871654928
623.1374895664674 991.581464566121 20.420075920961377
627.6142546987359 983.2273699215966 19.788511029251744
633.0088052983479 976.4605647764532 21.406998156065445
621.3034923856862 971.962091103638 20.026448258907898
618.883125275978 960.0909530720852 21.815669054239205
621.181932675743 951.434960902677 21.87583977459191
612.3508682848325 944.9440008137938 24.542592874460833
613.0308850573855 943.3113034623218 31.559745288556734
607.387196744766 926.811857044883 28.520372462308867
597.3176134929895 914.1783044296394 27.387934257264387
608.1108901057576 922.0032323232323 31.007499655534776
641.8773252285943 1008.7736110398605 20.60161627775705
631.6046457657932 996.4239607932759 21.251292920967092
641.9721113489853 991.2065015873015 19.993296534731485
637.5376063860995 988.9613206349206 20.038191020792663
627.8769477736028 987.9123012042071 21.512700395727904
643.2090174124182 992.4206677669164 21.975901150600656
640.017795690984 990.8738544337539 21.349842261633906
659.1661413079106 1010.3632349582562 24.516037853734392
639.2263246059356 981.9873109329002 22.815840299230914
633.5196862540072 958.0955577593003 21.405152114875285
641.466555593178 959.4033850493653 26.172477437020895
660.6101782190099 1026.9883232612926 20.767405271224426
644.1536075255458 1013.6802374248535 21.57347384923577
652.5965845644035 1003.2862147753237 20.075461064897212
632.7544379663258 995.028504649154 19.9720476278589
633.8107753500545 986.0052391973346 20.920300389463105
635.819959967591 978.3021794969609 24.104862157610583
630.4457206009705 966.5660799105896 25.30261766432873
632.1284180643337 959.6639313025584 22.332344947380914
615.7374269381504 946.1830487773848 21.709614828959893
614.49662895571 931.6785578265838 20.94229125831656
617.6928125537773 938.3636455696203 25.387491886044813
657.3607993524068 1047.5960381849359 21.538433885970896
659.6195208755981 1030.8904887446765 21.206184568785222
651.2526158619935 1014.7367138723922 21.486244135568352
647.6372610404662 1005.8531578679945 20.665446631478936
639.8372237377326 985.9074450772986 20.488137112423978
629.7513025056486 972.039306534966 20.218531030603017
621.9525995449634 965.6511669339035 20.035111942633787
630.5021178217407 960.3939401654997 20.04152979138723
624.1143884633522 950.2112647417649 20.822407364696016
623.2039891550259 937.5474326385358 22.413005045195437
609.6830555164356 938.1668011294877 27.0342456852633
666.2068520897376 1061.420655427358 20.850151343264905
670.5327361805632 1044.7073844205192 21.030834212941304
660.1329676476862 1031.726759064535 20.519279035771106
655.3173726847393 1019.5189931233982 20.67856875442802
649.5264171894967 1010.495404458437 22.143759133888924
659.1642458706401 1003.6689262954782 24.466638595397086
647.8230778410596 999.4904497374629 28.521160838475655
653.4412521539714 1000.1357342125285 33.259412647294326
657.7385588789147 996.3938686427774 31.264605462053883
647.0752711951656 984.3822879353708 29.64243640500832
655.2627331692477 976.3168636960695 31.171895577687568
816.3978716828937 1287.6236930234936 24.6365059163262
811.1256741003459 1276.2299339357583 23.502512221513797
809.3273444719373 1258.6644383672642 24.018097022606113
805.9854891596702 1239.9663874054013 23.495200194534874
789.9622219904402 1228.3259229250014 23.251015465647367
797.1258523292013 1216.294105732226 23.328703716681026
789.5008519781766 1197.1657339647008 23.059063275429327
773.7882508801508 1184.9859154929577 22.951393247431888
768.8014664262681 1170.9280178309102 22.710306574453554
756.3788346648604 1154.4530011898432 23.008332596780395
703.6362907882409 1065.4081468037912 288.8566159446484
843.2688302162821 1308.1038018050265 24.52298697781106
825.9773678757165 1295.9971636234711 25.4031884852452
816.2048130194868 1281.104880581516 24.44801153442708
809.6457329739964 1262.1285927726708 23.836726506913614
809.458114030073 1250.3267238977944 25.439698132592824
797.1673433784132 1233.084637593071 23.599978423288444
785.1020238298877 1218.0765957446808 24.030787780412478
786.7129179091635 1206.3214737587934 23.69512909567726
773.6367940388682 1189.817473172707 24.809401492431874
773.066842875933 1172.673719376392 22.880321734685523
739.2233624463557 1129.573859631457 220.8911830750387
839.1813392517506 1325.9077379430266 38.73424822106721
842.8949773618441 1318.7429931387194 23.5044187019856
831.8131238944356 1304.2474936708861 24.86381302547295
827.8695524333049 1289.7511646749037 23.93687486826397
824.9202881831109 1277.3228043533284 23.69808069170712
823.2705394505933 1257.497114508454 24.253498273594808
809.595356572284 1240.7218128877073 23.19294336936827
810.332097464612 1232.716108129999 24.077531288780104
794.6294864251463 1211.1437689969605 23.838560134065826
786.9988917190867 1193.102414823065 23.035212514110324
788.15049859256 1198.8259423503325 95.79474533990175
863.5292576517679 1348.220437806874 28.057498653298715
858.9059020910115 1333.5495039481677 25.385631244051254
849.1903739176399 1323.33490362941 25.132314688795717
844.5637151661227 1307.553226500595 24.127173031856348
825.484305225588 1295.900865778948 24.064510070057338
819.9947736597097 1279.2422416848074 24.888991881950886
822.0492262086542 1264.4119315304365 24.59602949563449
798.6794801937011 1247.3713648799271 23.73913183831372
816.4846777889088 1230.7062518998885 23.496346385630247
805.1723339952802 1211.931722635871 23.324789642219255
814.648566718711 1225.8233279613214 42.22690127199367
875.126347524803 1370.401985365604 27.290421727741066
872.2699728101729 1361.6853352238202 25.519652154810558
862.7910015280723 1352.6502203535788 26.027006448101854
857.8603034580104 1334.9620554360208 26.139276186565635
860.2925399782458 1321.199331340864 25.303444122763082
854.3405884452968 1305.896132820409 24.605759699688058
831.123847374671 1285.4363157361436 24.20955680874847
836.4579287366756 1264.5844027640671 24.946312356768974
807.2534903641628 1247.0061815970814 24.57413929312848
809.8629790377328 1233.6248734049018 23.64904373404097
813.3240728804576 1249.7133064516129 36.99969165907373
890.5188182967338 1398.2174136513158 24.595465692291715
888.6974136276787 1387.7972246976449 24.201016219205705
869.1240522211584 1380.2594666123778 24.232269196113023
885.3894204410686 1370.28414410747 25.580218283511602
877.4075446994333 1347.9929745965485 25.333287982274836
864.359809269799 1327.7846067673192 25.881137040987888
845.421209169868 1309.1227802758935 24.379846496792812
847.0841303847008 1288.6807627054266 24.352573440773536
826.9084148888815 1267.317651229332 23.55823291431916
826.5889022381858 1249.702211750399 23.664921940360358
826.18324132286 1264.0846859562455 33.9293839333535
897.7622143521601 1409.973194188664 25.514909203415282
892.3865877671172 1397.9316040125645 24.508411719705663
886.2116861226501 1388.694921261836 26.744454293085887
896.2311880997937 1382.1638662915939 25.053839905722622
885.1934858676007 1365.5876826458 27.80432755139273
868.7526430276 1353.2416343693797 28.228736375653437
874.0258756030491 1343.7791678273861 32.28466027936922
876.0524610813344 1341.566459784674 42.71335642196176
858.2314561043052 1318.3483126155093 38.02701465498838
851.0189318254203 1300.0905453993012 36.4733224371211
852.6655678917339 1312.3059107844124 41.82128840476015
913.6987425186281 1434.8183097510428 25.88583536715485
902.9123172362645 1416.9908331223094 26.839299275254817
900.4125400107902 1409.7356694348796 24.80340030431499
890.5197715955813 1406.9607311947743 24.87179690066456
910.720584620573 1405.9353434090276 27.202254036874848
910.3141578252315 1411.582972473347 27.813672424220613
920.1961402571884 1409.6988201934275 27.438478376129527
932.3962617783086 1436.7311326729664 31.607747122048536
926.6437577557798 1396.4158355692807 29.23582069438534
899.1718560106376 1362.5385940032415 27.22309373436081
922.0372534724642 1364.4174044265594 34.89656979771375
932.826841126774 1460.328788150119 26.02801988716371
914.2542293961716 1441.327829830337 27.367282438102954
911.2851992532799 1426.5317532664844 24.814363058928492
900.0404722193176 1415.2416168574612 24.83223934173097
897.6763943398403 1402.42243104278 26.327504598414926
900.2968624078146 1391.388964888281 31.257005000988908
890.7234341095104 1374.7743241875064 33.237482890014526
888.3174844370958 1365.2976229653443 28.44845627770498
875.7731151026217 1345.2758498404175 27.758049340283883
880.6063207063285 1325.2279964561449 26.403631418566512
878.3218362474122 1334.875567207825 33.36659686733262
939.6674311191441 1489.6959369562992 27.08915661518082
931.731810094454 1466.0110452449715 26.453646903716262
914.3965695581053 1442.8434357506521 27.079202986286543
919.9572314372626 1430.6604151354638 25.762907489317435
898.4322502819939 1402.0791853484307 25.678301032408683
885.5774170899354 1382.3196513631297 25.144348963495606
895.0142361486019 1373.5440249183316 24.67194924341204
880.373715894878 1366.2432747352957 25.036132318582098
898.3301043105365 1351.3529277739804 26.589698698200024
878.413779861116 1333.5494947960192 28.81233235269706
871.5649433567824 1334.2966169955698 36.07623244796338
957.206024461412 1509.6965418457132 26.034995586843348
941.0426163345902 1485.3728092391855 26.280692122696667
917.4851020826382 1467.0193496099687 25.600448295576246
936.0870911429158 1450.0481970453336 25.936390733643627
920.5218498485654 1437.4574287523749 28.10875098795446
923.9669985341582 1427.7259580072437 32.292474229406025
913.9153518601796 1421.9547364690395 38.27493555858613
924.2038252984044 1422.9800546724714 45.136993010410094
934.4356415395645 1417.2446695365916 42.05160042037973
929.3951438732539 1399.5269448946515 39.58656925935907
934.2625250990727 1388.0042317380353 41.70756101035215
1153.3016318706075 1806.341590612777 31.258563409917304
1145.9005694794305 1789.6702862783811 29.375279840820294
1133.962938480258 1765.7332117897295 30.476157925651815
1118.1891198139017 1739.5027968311017 29.363425424335595
1109.0582743923235 1723.124525244341 28.944663777849424
1096.1297333662362 1706.2465059752885 29.43230522312108
1098.8270180555635 1679.5900136729629 28.723522396062666
1086.5702974754056 1662.1894822170432 28.746750243468803
1086.607507853832 1642.5933843270352 28.354852935998238
1066.3138345418238 1619.421888053467 28.73415679622741
977.7501933660882 1494.827687033676 405.13289287671734
1168.7308100855655 1835.0170002812076 30.667780220791318
1158.0330452955266 1817.6700179806012 32.56202398108135
1142.3435017517606 1796.7757262619355 30.709385261006176
1141.2837630975066 1770.255412899795 29.906479809613696
1125.8973969217461 1753.8346374939856 32.39667683518712
1122.9134571989198 1729.6421009978221 29.60490166049512
1099.9433092887732 1708.9051671732523 30.173050004225804
1102.3439908457137 1692.1222733944026 29.506047063670998
1100.771779042671 1669.055274347034 31.437508999528422
1088.0996594214348 1645.2861915367482 28.857099689371157
1039.770954795208 1584.5659047427248 309.6026335463381
1178.8890517787675 1859.4312306630188 52.28590080673841
1196.454702159915 1849.8368990049878 29.379073486730487
1170.39338353894 1829.1812957290058 31.2340358766661
1156.0304396859094 1809.2576463439336 29.905030377909004
1160.4498373094077 1791.3814224247026 29.962844296059945
1139.7976547948501 1763.9698288954137 30.39019051186572
1124.4298087492105 1739.6884905564839 28.753377946034355
1127.2521971136655 1729.4565151361749 30.460467505918103
1094.7771524331336 1698.952887537994 29.763002835478723
1093.9356504765437 1674.079279096846 28.924556818647073
1101.3769123549193 1682.0685345696431 133.88377101557944
1194.3455258509825 1891.6301145662849 35.960222202336716
1206.5164480850246 1870.2579469528246 31.878929034579965
1198.3351129785067 1856.216599549173 31.64800557292957
1181.9790275607422 1833.976051239209 30.241903936257682
1183.3782881485733 1817.82613538555 30.157027985631416
1166.279399005883 1794.2833999898749 31.526247592149293
1146.408473977369 1773.7445558594145 30.966929236215325
1137.6507143038596 1749.831391225048 29.699157745851977
1126.1420303919301 1726.3054007498226 29.025708524286724
1107.2357577641424 1699.9209886547812 29.1192286986595
1144.2855091606639 1720.0868251410152 57.51156005055092
1205.5729414877364 1921.900015350765 35.08789151759048
1210.2842915884917 1910.0901357099453 31.902088568846978
1222.1898436012925 1897.2246593384327 33.03014628592425
1201.0778094365562 1872.4493608404 33.365790105922876
1205.198682121754 1853.2054100602807 32.137912543851
1187.186795491087 1831.4116217857866 30.828880324576026
1172.7883169481372 1803.119464991387 30.14944415179652
1134.0869908975487 1773.7733566203458 31.02199842229025
1140.6211547382286 1749.1813944061614 31.087117006705697
1133.8585892050605 1730.4308642600374 29.58061492872375
1156.5745165445883 1752.846890434432 49.514830425739675
1257.7936373278353 1961.2701480263158 30.554510845935447
1244.0587733869042 1946.6058306810949 30.03912640187264
1237.1031559403455 1936.3825325732898 30.042250456625695
1242.934689746936 1922.3871361693466 32.058382757373856
1222.5936701064613 1890.49888006516 31.817578563579996
1200.0468814740134 1862.4732420184328 33.009216409601855
1186.221446917101 1836.4142976907249 30.64051160556424
1177.8998314579426 1808.3225038616395 30.40716627235447
1148.4153418142273 1777.75990681893 29.2080630227937
1153.1133811258178 1753.18596580114 29.489783039916418
1166.9442654977224 1773.2912591995162 45.0136707042354
1265.8136204035266 1977.8475391384427 32.14713036321561
1262.9693223086388 1960.7842739892592 30.606157431092115
1239.681941116703 1947.7930021773254 33.90651643943305
1257.0489522633172 1938.9000228084847 31.042645470618183
1232.0169144909885 1915.6353507217018 35.74399481394866
1233.7634528337646 1897.9168629835094 36.09610799685257
1230.0223179408288 1884.8965988806442 42.289682513148925
1230.201820888084 1881.8835212159595 57.75528502715755
1214.6197443055569 1849.3535532545127 51.17117113387986
1203.7105796629912 1823.5754291791159 48.825906912402864
1206.1256150525712 1839.807874332897 56.758169480492086
1276.8951255457396 2012.8761865772842 32.57157493237887
1271.7932082986001 1987.459651077406 34.366744807887315
1257.3197605647995 1977.7085274458173 30.97511305861006
1265.251454027657 1973.3395447755527 31.196422386234904
1273.8399422141667 1971.994227994228 34.700279050872915
1274.609450644736 1980.0157005748435 35.61562555720023
1283.5476905082771 1977.3092308471314 35.4835721916535
1304.3045890403264 2015.4540065361132 41.53567576496087
1289.325992663397 1958.3791829089253 37.46944485801232
1248.6947137116113 1911.5376823338736 34.45481347031848
1231.2152134619287 1913.7897384305836 45.58358009548953
1303.9013212227676 2048.799815804958 33.19945726584957
1289.3738943697906 2021.7440935909449 34.60123686674079
1287.866272777039 2001.1005773321178 30.955285999281916
1272.4625322801037 1985.187083702672 30.598014175162096
1274.802236295732 1967.4873483447734 33.14914896598429
1259.6994753036597 1951.5697421087298 40.90011928610092
1237.9014841613239 1928.492862205123 43.569831475669794
1245.682323713813 1915.2179834442954 36.511130800759666
1221.3279526613699 1887.4317847915295 35.424910496284554
1214.4071831107824 1858.7411213770408 33.60425370370812
1263.2690785099085 1872.2531007361097 43.67008242294979
1335.2771519769824 2089.6778221267014 34.322534589716795
1314.2421470800484 2056.2034757055276 33.59449098102517
1295.1032294693355 2024.3151042326301 34.14302743241757
1297.4503332549023 2006.8927693438427 32.04379788787673
1259.954912506783 1966.8971806368265 32.47010478450751
1257.4072306622022 1939.1515151515152 31.441387678837145
1248.8237655389294 1926.3756489148877 30.78508994738096
1226.77085892807 1916.3442930239628 31.53159732124144
1234.2495874377703 1895.6903369534948 33.64879354824157
1233.7493673464348 1870.6315176378232 37.21251988381872
1280.03495188874 1872.2696335078533 48.4068448899601
1341.040892066799 2117.8833640270104 32.56842207152616
1333.6471700530005 2084.2188228143045 32.8149871997121
1302.4903780370435 2058.1410191469963 31.88791482153122
1297.9679460798166 2033.7821250285076 32.40348776240921
1287.516522466001 2015.933122229259 36.24780298102384
1289.1292193308097 2002.3036596175764 42.10455964803858
1287.1620937917417 1994.3968406662955 51.08015568368116
1292.5317887480505 1996.3308696972765 61.37800828321514
1306.588909987108 1988.148290706508 56.709152340780875
1283.7489445767796 1963.4839951377633 53.14800316874899
1240.0645452774013 1946.9352141057934 56.634319752819025
1959.7314423526796 3079.5159137970704 45.917038941195365
1955.7698649514261 3051.89257599919 42.26815588409912
1936.9359221664545 3010.8366251392686 44.51989762945105
1915.9009345902318 2966.304588827862 42.947351011606514
1892.322500237863 2938.5050893806656 42.046959530186406
1880.9226663679137 2909.43751265951 42.745379190258866
1853.623280666152 2863.744163670431 41.53729093276543
1853.0177862234937 2835.0811632384234 41.95146985558783
1818.980126063089 2800.849804974419 40.600391832934775
1822.598599395467 2761.7038555985923 42.115325815921246
1661.0314162150173 2549.843113530954 688.8298541685909
2005.8396378904213 3129.2013191195642 44.94743634850333
2010.512316186431 3099.6096943297794 48.88127909914273
1978.6790309801856 3064.146088189854 45.2280207504333
1955.4140770131278 3019.1170199296007 43.73168586744415
1919.0622199651239 2990.7708982248223 48.83826716955323
1919.6743319235336 2949.4937952692094 43.123049613930526
1870.0692254672051 2914.1031408308004 44.458315633351624
1866.4048739721177 2885.5330735361104 43.46984402997907
1863.4071209845545 2847.0085037456975 46.82693700747357
1851.085339306904 2806.3668758858066 42.08519889959582
1757.241994580446 2703.752693585742 525.4147180102349
2017.3170396076127 3170.7066915543737 85.31380973022496
2022.390892933046 3153.3967643112137 42.09392971898632
1996.4896069663635 3120.0943797468353 45.88752783973663
1959.5757505442339 3085.474782256431 43.29845892659939
1975.7654951482155 3055.4796254112885 43.30473381314603
1945.3228719731674 3009.0727953832134 44.73701570693384
1907.6914549961964 2967.481087650008 41.424693143444834
1920.3959812451067 2949.1529816745974 44.28969843821798
1895.0811103854965 2896.911448834853 43.14281082216678
1873.4357897405348 2854.981420543715 41.41822930787634
1876.8628524658784 2869.5535174360007 224.4808914705014
2066.6259837212438 3225.7565466448445 55.551404430971935
2045.970684112985 3189.08807450901 47.20150902018629
2028.4484903718235 3165.44234227389 47.077509137906645
2002.9713152950162 3128.666514771778 44.364255671015485
2007.8764255797448 3099.66604222571 43.89874254204153
1988.7423346675016 3060.359034070774 46.72392032806519
1967.8211963452297 3024.456598804821 45.7146585024101
1950.4572398866935 2984.3643732901005 43.06494197709255
1934.4917291105 2945.213699462965 42.29155431516439
1889.7916629740682 2898.9741200303874 43.39348099683867
1901.8058411180264 2933.676269137792 94.15961442508002
2073.5312611245217 3276.8700813590544 53.08633051094012
2076.7476987663144 3257.3757342515696 47.702336379740274
2079.0484748365493 3235.164176080239 49.842496926020594
2053.692530054476 3193.5430958106567 49.81491018875774
2039.3206693759025 3160.004052479611 47.67100068756678
2009.4460986870865 3124.3723425794697 45.23847910932081
2018.37817080887 3075.74222312291 44.57815536106664
2008.6328998645947 3025.9843611610195 49.957178871917044
1915.8271577647506 2983.3753546817998 45.741115475907066
1933.5220574012285 2951.5874639258773 42.85060952666804
1943.0924689268045 2989.794980344723 80.82918474549719
2121.1827030985455 3343.7397203947367 44.4095284695791
2138.382123717198 3319.3467600254617 43.28023493609577
2125.342286467761 3302.116042345277 43.46485748819795
2118.2355531472294 3278.476694484022 47.72636881052946
2075.300027283756 3224.895540623091 46.91920707313746
2065.8423117146767 3177.544781247614 55.70544822018714
2044.129195383555 3132.025709422554 44.60040107572059
2000.340447198407 3083.4373401534526 44.40080952631166
1976.7011403576662 3031.8138404274173 42.51481588403335
1963.0737627626381 2989.9802913236226 42.89488289281065
1969.7621471370915 3025.307994757536 72.1941044870824
2154.6718373507574 3373.577859627583 47.392758856540055
2163.6015117350316 3343.9529840916 44.80420091450734
2146.916927236924 3322.439881509988 51.24153065560598
2144.6420185945017 3307.0758001976737 45.48815071147285
2115.0176633153187 3267.734211192707 54.80188195990533
2099.6942492565377 3237.302733237075 55.79692066361089
2098.282600362767 3215.5202471699545 66.81644773452477
2106.7049697967577 3208.8748828372386 93.55915611381972
2056.1020927256814 3153.5344185928757 82.81570355827253
2038.9926227978385 3109.4797184382437 79.49977710513822
2064.9581136168354 3138.255361997785 93.08769043211893
2190.3473030613764 3432.1881124785714 48.410865316212984
2174.1056725958374 3389.064796293014 51.91120900450038
2176.103320825007 3372.4873404901764 45.17680292739258
2166.218210063286 3366.4000810188118 45.446670871570824
2183.5282048444565 3365.330497962077 52.83793767241156
2169.7671298406194 3377.5562814961127 54.003172625432114
2187.591452082988 3373.4254898982226 53.42892835009338
2244.4189037300093 3436.3458566615154 64.53634134124064
2211.549871232618 3338.936667847922 58.09282543502731
2128.90087942684 3258.9809562398705 52.01878786555261
2168.0694530151527 3263.963782696177 73.3066960638589
2189.4094780545324 3493.0903323185553 48.858241811689496
2230.0075733917633 3447.1096705578484 51.800935385268325
2170.7110170484084 3413.273371822141 44.57491731724099
2179.20116939331 3386.4939090793973 45.03727836260329
2195.4089219546004 3356.3283604771914 49.991315037818715
2150.746462011509 3328.5409130060293 64.56173110723118
2113.3668109875302 3288.075933988053 69.5622631356397
2102.962054143612 3266.6867832822822 56.47437898197861
2118.422666957774 3217.690460509651 53.954941426133075
2101.984440882725 3170.4108340716366 50.058268036492045
2090.405824937883 3193.108803065443 69.73365297586629
2270.82621982123 3563.6905127417867 51.39327010074237
2255.863909616484 3506.847038557025 49.31630736159588
2213.7376090957446 3451.548418146356 51.80057346870208
2217.9687945505157 3421.944091035811 47.409270399252854
2195.789138267563 3354.6849051346353 48.01718317061368
2161.231709131134 3307.7800749974663 46.52390229030457
2113.8873758600494 3286.395705133075 44.955465663611434
2125.710553050512 3268.7054055423273 46.341062358396556
2093.6635897595033 3232.3155363155365 50.91631773542517
2106.8436038283035 3190.3256096634505 57.04889280097309
2145.291991313595 3193.3507853403144 78.11958571901114
2289.4567844780677 3611.535093104154 47.76586813553133
2254.3203498518824 3553.5443217505826 48.90197198709831
2255.228100152468 3510.7952588390235 46.451688766226646
2226.601584852704 3469.626941692218 48.22617806123314
2250.8155392922854 3440.9046738442053 55.52810627354232
2198.8509692910275 3416.446751931113 66.64788595084855
2208.2769816712494 3402.8814743557286 82.63502036579952
2222.9779522977437 3405.454287739192 100.55192442161616
2187.2606392365424 3391.564446695366 93.11995895268103
2201.4489088823943 3347.0251215559156 86.85829011475222
2183.992986271625 3320.260755667506 90.96929143501231
4070.041546756815 6414.8187233172275 82.97731384339309
4118.461519638714 6355.881033740856 75.21770152374474
4047.598081552554 6270.505013673655 80.68608998111576
3998.8258259148724 6177.886355007719 76.77747321253058
3924.0868909233036 6119.576644553603 75.0012827662368
3962.8143249427594 6058.720952019243 75.70277632184937
3814.6520501298496 5963.709728059958 73.51700361256333
3851.453458214116 5904.114297294559 74.38193990891124
3786.2034521522805 5833.037029532446 71.9479463317366
3793.251131610866 5751.2856889699 75.37448365521156
3515.1718002556318 5309.896350070579 1434.7567504417423
4166.091153161775 6517.404504435412 81.2070012627822
4140.997570686032 6455.132271380455 89.87638557220218
4025.9498963170645 6380.975305827825 81.6417798968028
4058.9869881623763 6287.130042798896 78.7554709882402
4009.2305338048477 6228.763655701588 90.38814754347386
3940.9506197244696 6141.933444765234 76.92315087523235
3977.7658965819173 6068.242350557244 80.04661834668458
3918.116934847604 6008.764006275621 77.86679779894378
3890.1450622866028 5928.347438752784 86.01439031422679
3798.5402029517586 5844.611459809678 73.9354123588206
3814.5101431863395 5629.181351324137 1095.8002475267626
4238.388809137261 6603.492277794825 170.85864254810153
4262.872560021459 6567.829657948705 74.05068509448992
4234.634297668535 6497.352506329114 83.5599577299751
4119.601955286651 6425.3060563095 77.81927980701721
4095.202993941169 6362.765072133637 76.72661508924213
4052.370445286537 6266.186088893389 80.46582158041134
3999.313927921086 6179.15519773153 72.94525944725527
4024.6574570834337 6141.4891161283795 80.02968093177836
3985.7760725329304 6033.103546099291 76.61967238481705
3852.061126403883 5944.890193894598 72.84391656879475
3875.0366469122064 5974.434992944971 467.6885573884646
4290.505773127125 6717.746317512275 105.59678094286082
4268.0649224447125 6641.580886819194 86.41781918280456
4200.9004364960465 6592.752121166071 85.8757343267333
4240.5952071591555 6514.463532568796 79.48213262877233
4204.03133916342 6454.249405093413 78.83768426484332
4158.66813554519 6373.1176023895105 85.77792091408068
4102.32543825207 6297.680542894764 82.48615898559132
4073.598377380777 6214.70868375722 76.63639886271469
4010.795121979233 6132.158881345627 74.21198072459357
3948.5626837643185 6036.297594327678 77.45122285256545
3971.312743761678 6108.842465753424 190.5595005861674
4330.911163154139 6823.646727728598 99.6266450497925
4341.03002634404 6783.263464411415 86.40058162525764
4324.654996824787 6736.535346115853 91.73622368873662
4298.420542042328 6649.478496392861 91.34723856399283
4218.9220960257635 6580.052884858923 87.38349980629974
4184.093503643994 6505.099007896335 81.53027904533567
4104.193063028133 6404.318168000811 79.77757095879812
4104.533949324688 6300.056380798137 92.45628013555272
4024.6463968092085 6211.514795297932 83.08686689592878
4005.2207057161927 6146.083945116703 76.25284437643651
4076.9380819809235 6225.174881564359 161.14338964948794
4421.260414394064 6962.426809210527 78.26230160243072
4420.261590507471 6911.006798217696 76.08779155412456
4431.0588370864125 6875.052553890006 76.45786604911709
4434.759952608334 6826.844290657439 86.08468096439154
4285.873505521216 6714.562410914274 85.10279756169662
4310.237698931251 6615.702300957035 105.76163790544793
4181.14543519055 6521.486268831136 80.18951506970703
4166.165316492502 6420.033324048517 79.4602930369913
4061.5772145902156 6313.64059453574 74.77195389933848
4060.2126966407027 6225.130031665612 75.69104627201894
4100.911488889862 6299.069664280673 144.03276529443596
4432.837319861794 7024.197258031512 85.22069194570824
4410.381907625842 6961.802816901409 79.10284718309914
4390.7315041964 6917.118638918426 94.90747883549676
4423.231298077526 6884.548721457716 81.36950096526255
4377.4329546218905 6802.670043048873 102.90342430294312
4388.15250026307 6738.753198064696 105.00947903342009
4331.7647714552995 6692.463646263327 129.9432547566333
4278.540704047589 6682.823660544648 189.88785459618865
4212.343667283111 6566.8364262386385 167.39598546493832
4236.496937619679 6475.006026231833 158.82283903760444
4198.206379466785 6537.167254052965 188.0592247929142
4616.292389411574 7146.395107847402 87.62032501369451
4539.485967340948 7055.971233952039 96.1038676531415
4520.094303951971 7020.217135912498 79.78515124462963
4515.298146533675 7005.450338000354 81.15152031716626
4525.165493874985 7000.879977722083 97.54289166806593
4535.299928112319 7029.892476385829 101.63721576363808
4554.685218671431 7023.026178540686 99.65295910504979
4702.483587216053 7159.316798824513 125.0710539921194
4529.835150470827 6960.570242494811 111.42470511046866
4406.010442838027 6790.822528363047 97.76253154635519
4351.056448688636 6799.0808853118715 144.64135294364112
4668.338519018084 7273.254777558904 88.1347025015493
4549.163774636745 7177.914157656175 96.365320606749
4597.196330793358 7105.651372429859 78.7766458877487
4547.6480365555935 7048.730809168039 79.97395048950891
4502.335702875578 6985.25447683696 90.46879446408742
4496.099621640988 6931.0213304960225 124.89157799552697
4473.115357839314 6847.6557659208265 136.89608596459777
4423.920456502375 6800.642786623801 107.1979628349098
4408.487949647002 6701.786716652313 102.09252203870517
4315.344057305677 6600.0990254398175 93.09559359015684
4376.786045256055 6647.5740647373195 137.72770797188755
4739.541502960672 7420.219015453894 94.57209113549936
4682.681197293529 7301.035821046765 89.77734703207628
4625.625233801296 7185.7382405836015 95.504406272715
4603.430215503071 7123.9443444762655 85.24729393481755
4492.9502399763805 6983.665830736884 87.19928368152667
4441.665283368657 6884.799027059897 83.14129916770942
4450.216751271902 6839.902960318063 79.51615259076235
4338.434005254497 6803.650843507777 82.38820138338566
4339.854853430738 6730.518012202223 93.76974853010525
4347.104397646316 6642.224822102357 109.52108331203641
4324.956487707283 6646.142569472412 155.43540411571985
4772.036718713459 7520.579496623695 85.20692286148099
4793.27710357316 7399.820889474217 88.82138925309089
4697.446169233664 7309.960085097761 82.93205008232826
4633.214640909443 7222.459113600081 86.41405575777786
4645.850987574632 7162.108271057631 103.11957030836467
4611.650398103526 7112.601950107636 128.92526832534577
4569.597724943704 7083.567211786745 166.12235821178342
4609.853932234231 7086.771286827984 204.04768550759104
4625.91084120167 7060.33851608002 188.06801584359857
4528.439302151324 6974.674230145867 176.02758501883352
4428.903822487983 6917.864785894207 184.71660421263783
7368.3017728677805 11604.533271978935 140.88877550122865
7264.8338067696495 11498.88293213861 124.88763984928974
7219.174879665527 11344.016205813836 135.4748420801617
7245.864717674125 11176.738464653623 127.5522954972754
7065.389245671455 11070.825137995645 124.70745770926007
7081.831564294116 10962.198096009723 125.89104342131238
6877.568986611547 10789.789233807667 122.7784668928399
6884.499387367744 10681.567737359408 124.08458437090951
6880.27691876329 10552.690137277747 118.59184889671144
6751.9527309192645 10404.72534872535 125.91107088662963
6502.184173375467 9603.02480338778 2597.9659815313134
7432.836007718936 11790.165503489532 135.80202555926508
7346.356768767725 11678.81358421759 152.74603935999284
7433.4868780494935 11545.1806600309 137.93283420608185
7221.83568955988 11374.777583630885 131.58506091109592
7145.372674229014 11268.784319683962 155.039695755635
7085.227983149351 11111.779972648534 128.69502391857162
7060.268055895701 10978.893617021276 135.96408523471732
7047.9229446109775 10869.886127840478 129.87405413767422
6991.386260448148 10725.008301275562 147.0668403215512
6899.791987626327 10573.701559020044 123.53155687662108
6639.901484832425 10181.558352633168 1984.795306120203
7572.136882365823 11947.827456595669 304.6661328710191
7420.450985463556 11882.5745752842 121.21772280469976
7482.136769088914 11755.080911392404 140.0922415701797
7351.745269678801 11624.857200729188 129.51606248332004
7272.035422186538 11511.96476841306 128.52651994857106
7287.056202174802 11336.502986736863 135.8238740096635
7274.273987011292 11179.911084105524 120.26725420130619
7120.243462052597 11111.582869292295 134.7766900752908
7083.824730865383 10914.427558257346 128.41640128690818
6963.745764867477 10756.31083885992 120.7568357569746
6989.661992065021 10808.29993952832 848.4244201675576
7712.752736064333 12154.063829787234 182.59377244436078
7614.56882826591 12016.001619761086 146.1354559536494
7656.750934927215 11927.429222703442 144.75727269380434
7419.323088618451 11786.543530543531 132.5987708231745
7395.215049929025 11678.183788162625 131.28901875503837
7323.782041033248 11530.481445856325 144.79620437856647
7300.611539611741 11393.956852020663 139.210928633887
7238.682702527712 11243.96230621137 127.43540212858429
7161.976602931443 11094.00506636944 123.40013998679139
7027.310963464037 10921.070043048872 129.96673802751025
7179.173924560734 11050.590652699437 341.56724911532456
7788.144178226999 12346.851967456378 171.74721700539826
7696.400125164791 12272.945513469718 145.84170378928732
7727.042996366921 12188.450838356719 156.56953806076095
7654.631071074314 12032.030780913808 156.68205600522407
7511.911118084025 11905.312192898029 147.75252569156584
7548.90771182402 11770.544644664911 136.86612342850796
7396.709233855456 11587.453237410073 133.2929388610961
7332.660495119175 11398.84424424931 158.72482939734297
7242.820360726147 11236.923388731253 139.75458580047095
7138.2496241840145 11118.811604475723 126.78866454845023
7314.429287163041 11263.891946376374 288.7694562949192
7806.807714611058 12598.53947368421 129.71438780097918
7988.2875104388495 12505.388975175048 125.86533915718377
7891.71881082039 12440.828990228014 126.57291052211212
7794.417654065468 12352.58782821087 145.45261899094595
7700.622911874733 12149.2844634494 142.3826808039345
7567.480086885321 11970.35046193785 183.4493756671352
7554.552164556073 11799.487656529516 134.36068342835034
7421.395438830272 11615.536501987795 132.84968206134897
7275.783148738095 11422.889119590813 123.49085234750811
7223.777074713655 11263.703305889803 125.62024495813338
7318.492416430584 11396.67143865309 255.5034591490796
8078.420881009882 12708.992838142009 143.24830744791888
7935.520834606602 12597.14094639781 131.39224645659246
7882.29319767079 12516.580919586793 161.65877052803523
7889.014271479154 12455.704199295471 135.21436462871716
7755.52384051262 12305.203342618384 177.0857330471264
7762.048658854691 12190.46148390202 179.48372433000597
7642.671604438346 12107.006761719047 225.7541083966104
7692.300250642225 12091.699556681444 340.9076671620757
7652.611191391136 11884.892680827363 300.1677845027571
7569.146162085881 11717.541297412265 283.2852308261075
7524.466489934827 11827.73215184775 336.5613496503402
8015.3428698294965 12931.414272189955 147.45788785688288
8074.994229547955 12768.205808624312 164.07663470244492
8026.127479963518 12700.740530686651 131.2627202959505
8013.319023996971 12669.204851001341 135.43223567627973
8001.773447958267 12658.332700437964 165.58691702619188
7975.101064786126 12713.640760718175 175.08478593429382
8049.849923799336 12705.27358347258 171.9721097317109
8278.887907063143 12958.04544878778 218.7346778364603
8022.559027339809 12606.022781349668 195.10100054891143
7872.744768529851 12292.46677471637 168.38623263236022
7762.898881830329 12307.051911468812 258.1551639820356
8237.159148986908 13161.65591342833 148.70164334021828
8184.882693403457 12988.555367045656 164.4553431193835
8150.90143582614 12857.183024410007 130.9765858209355
7910.45746303906 12751.576548056224 133.3003988286321
7947.54354124938 12635.170942985233 152.00378024775785
7940.534603177999 12540.759791255003 218.2912276867268
7851.677026128445 12393.453882757922 242.44859460774975
7931.685797579067 12304.919018808698 185.36934040690662
7799.403281877682 12128.330715841734 176.7896074366218
7613.687647848975 11943.504872800911 159.24474754120862
7569.597340398932 12027.893112836544 245.1467384608528
8340.039487244716 13427.48950977382 160.641789093637
8240.648248789948 13212.046410295385 151.37434486352396
8190.298845576114 13003.43534537349 162.69714958561804
8108.293228542612 12891.689484755556 142.68835926537156
7971.462600940255 12637.098867695113 146.29884241376195
7907.349140195951 12457.74318435188 139.19548865388373
7872.518045935264 12375.260350983819 132.88165519898234
7727.843498813458 12307.55114240843 137.39342527736267
7751.971282152948 12177.218804587226 158.85353234846133
7657.437379339536 12016.47689229912 190.17063615246573
7563.506428234731 12024.66049134112 275.94815317107845
8571.500500116575 13614.836095764273 143.48832402752438
8444.145506566165 13395.055414851586 149.6317755759177
8349.901313016144 13230.76567723635 138.9478137738607
8293.887932977417 13069.01391176545 145.3484301331911
8245.875377086564 12957.743179227358 176.44418193483367
8115.265761913437 12870.683652019754 224.33856058897163
8205.07366448857 12818.534757733785 295.8356248524426
8217.59113003423 12817.643413992102 366.113050957305
8058.171297047174 12773.571840972398 337.589673973589
8190.599780614056 12634.369529983793 319.027857622613
8322.300785998981 12532.47355163728 336.528748166401
12978.565907450598 20688.3431756014 243.7523030055495
12950.332498709919 20503.42146961298 213.92231830596177
12902.824657089077 20224.275498835206 234.12746582165934
12565.259313020775 19924.318205978383 218.66485019967135
12500.707867695715 19736.944345976604 213.76111495492205
12367.306211864925 19542.825197488353 216.76494398679782
12198.49372365669 19235.403048564338 209.550468277526
12128.768170143643 19038.44685378458 209.32369386107237
12102.662637157408 18814.434121878323 202.68285761181363
11957.078723427152 18547.804663173083 213.41475430571012
10944.280997533517 17118.67069973785 4631.339841668993
12963.166485553966 21021.147429506353 233.4475478900835
13113.713772248457 20824.634335350875 266.48571931012657
12991.203625545033 20582.839601853964 238.1913813224419
12780.51920443829 20278.551292765074 225.33413966118138
12657.685493437803 20087.783028185066 266.9865511756993
12572.363022527858 19811.877019703184 221.01933376904773
12583.436195111593 19574.30597771023 233.2263218372492
12391.129854510487 19382.569563237004 222.51116999192215
12175.611540953789 19119.624215428223 255.82452529723025
12026.436630883894 18846.89046365661 210.12070185051573
11505.480693912285 18153.840700835768 3538.1602157955517
13408.506339796757 21300.99486051804 540.3235838768118
13351.386669683729 21188.240524596804 209.23867141585217
13162.39046450896 20957.67817721519 241.47495367528455
12981.246884008855 20725.43163864695 221.6908643809789
12898.263557073396 20522.224449506455 220.29158091086214
12797.021208896793 20208.246228611926 233.07604486142185
12699.526436818402 19931.62347460631 203.01348821995572
12542.535035988 19808.29482636428 231.34084176981824
12343.53539438329 19460.1726443769 220.43619049090867
12392.237655692257 19173.85308560725 206.13124046034594
12254.694766611101 19268.516831284014 1509.0634847336466
13604.990344595988 21666.47790507365 319.18807760015665
13543.77006696568 21428.626037659444 255.4173146704982
13192.210397036451 21267.96687181825 250.32313051346753
13199.336522999898 21012.286676286676 228.50477645318333
13087.042624406158 20823.87484178016 225.07099624448574
12861.767106590258 20556.124133043082 249.7005929725824
12887.392211800698 20317.747391876837 242.0658545126853
12863.168225144509 20046.377140541088 219.09713480941926
12481.38964254343 19779.198703009424 209.87407482819978
12405.782560539685 19472.97644973411 220.8214928935679
12313.969196940496 19701.29411764706 606.6700660816877
13642.25670299203 22018.649337358645 301.30379386774405
13482.433941349673 21884.59712375937 252.62399769610954
13571.571802980563 21733.500025327998 271.1853315062518
13529.34345511135 21451.499101379573 273.4680940234806
13129.065530811802 21230.332809888052 258.2239093581231
13301.643402432963 20984.335290544645 235.44220682025986
12966.025966037547 20656.661465194044 226.70595764467728
12881.542610502898 20321.88759268163 275.1169255491582
12805.995301463498 20037.000405350627 239.92192169730134
12664.605704851689 19823.801529036504 217.45358836640625
12875.956597086028 20079.242011893963 511.491843889627
14068.665338032502 22464.97697368421 223.78733151503485
13728.130798307498 22299.086136218968 214.27554020487534
13768.515729740999 22179.188925081435 217.55178764846644
13795.105211530683 22024.47710156727 251.63290983985613
13690.312277395025 21660.872327428224 248.35546640437448
13332.63129625549 21337.68698617934 318.8986102073607
13375.307291343563 21038.469628839266 227.3841353267297
12976.783662015396 20712.70031146337 229.21043660931494
12919.270955542748 20364.961081710684 208.19441908741092
12831.944949509245 20080.935072830907 214.67198143610858
13285.940806603183 20320.164532714993 452.6180948180269
14100.982283249425 22660.113771229793 247.62089604454096
14154.850366703975 22462.04802918229 225.1724290541241
13914.276080673182 22313.875943085724 282.2756480903998
14021.855158142222 22208.686079221472 233.06745347786756
13615.880730424533 21940.256672575335 308.0036953203679
13602.899745478135 21738.660181878055 313.6576566591584
13655.546330694418 21586.549902499555 399.43501783311893
13739.172188559589 21560.963647878405 608.2554534763168
13323.783561711862 21190.200865844705 527.847387480979
13281.172879229638 20894.86402997924 499.02942606134013
13379.949564105085 21086.98177424227 597.0397862109324
14170.548603846702 23057.62157459765 255.92788313302378
14160.27427690246 22771.90428683564 286.55723389225983
14144.30909812477 22649.612315171158 228.56840101760426
14178.86424141627 22596.041218320377 232.10943873496288
14104.654834556257 22573.816359079516 287.5974829433098
14111.318137118013 22675.06596773785 305.9505357982557
14168.788260577463 22651.385285330904 299.63762437415767
14411.02012371814 23104.419932612167 384.2714789985531
14090.493013149175 22473.76864273781 339.58519722783376
13958.750285352367 21916.64343598055 291.70954161484497
13569.114615465858 21938.620523138834 458.2699258934839
14700.095379627433 23472.260738315126 257.91446944623357
14305.028926718483 23163.191613278974 287.72731692337305
14206.148791720094 22929.37587359465 225.27559882518372
14176.78780355821 22739.366139040143 227.68445308084128
14228.794016597796 22532.470808743445 262.79109154086973
13833.08927260528 22361.385012919898 383.23929643169106
13965.812491320996 22101.710235901588 426.0380068604117
13876.781743976087 21942.43961218135 323.1318975551673
13447.69210788336 21627.451036020062 308.43004093844013
13515.193145484953 21299.14329831667 277.7459005824783
13689.28050159729 21449.665826358778 434.0304709233722
14948.437146156439 23944.55920581312 280.12990535476234
14453.012719963323 23561.53822769418 264.538631028802
14332.799778009807 23190.82043618126 282.1996665797474
14303.745873399663 22989.50655143574 246.85387049540836
14214.909314534527 22533.784431441094 252.86623775413844
13969.77162569536 22216.628357150097 241.20458319057292
13839.475765425228 22069.100762237584 225.98398235167858
13673.372534029642 21946.069811033994 236.31115191227386
13712.578609283151 21717.942533100428 275.8088113803487
13519.012926503383 21431.01319354757 333.4581176531861
13342.833102103774 21443.481272654048 489.97677076224346
15100.596739604236 24290.65357069777 248.44771553753358
14653.751966056443 23902.20727383244 260.1676534776186
14911.647235632563 23602.857663863844 240.44335333720096
14739.808888137737 23319.62111344804 252.36031809128687
14376.537553033862 23117.484179860672 309.46235771721246
14420.930459538637 22964.77548436115 399.3640161512071
14351.210820205159 22869.58553997266 529.615173532956
14324.057788106651 22873.56241773818 653.3725490220057
14274.473029584798 22793.936287667762 601.3219235149674
14157.110956494365 22540.398703403567 568.1730283152995
14598.20933641091 22361.340453400502 600.3507283559779
16907.936677320897 27135.877291203313 320.6759399829802
16885.286409104094 26891.775533449767 280.18103680714347
16586.973151907143 26527.30477058645 305.116496510889
16296.376033264387 26134.27340605938 286.01962587568227
16298.415710990612 25888.802147161594 278.26584080045626
16282.998657569322 25635.399635406116 281.47124114552196
15938.358384712594 25233.00389932648 271.5493830286804
15827.258548323707 24976.88843854494 274.7258370949031
15533.84309816769 24680.529659085154 263.00753830197624
15421.655055284991 24332.926052505 279.0128248840743
14368.158719353993 22456.863077233313 6077.102912729113
17109.703331421457 27572.797504921135 311.0617212355999
17491.46064412108 27310.014131233063 347.5413622300056
16713.337780127873 26996.982397487525 309.85705816880414
16818.46962070802 26599.127048038696 295.82416990969693
16508.250863974547 26351.43640001013 349.95465015121596
16266.889624898799 25986.21729220483 287.1280302248119
16275.188688512599 25675.618237082068 303.6067941504877
16083.585604302818 25424.149805152083 290.9793095596206
15883.026931614659 25082.180198420734 332.98617956398317
15576.306512600499 24725.167037861916 272.9989934892958
14872.533478122761 23810.813009767397 4642.11117086691
17542.770465781992 27937.413076274002 711.1742398488808
17428.74323713971 27784.78567992506 272.78280771696365
17099.682456704286 27486.289012658228 315.677841647954
17056.691118165054 27182.121936398624 289.5967389495008
16804.777763041206 26916.762338648445 286.67797513533907
16591.563468792054 26507.668320340184 303.1829292146026
16178.427344677335 26146.08537141121 264.3031130430921
16488.276161350816 25984.205730484966 300.73310196998864
16286.051143398365 25527.293211752785 287.34006118635597
16047.224807947725 25154.883612615806 266.911453807755
16370.724585609722 25277.789155412214 1979.6353363459107
17572.08255321357 28420.805237315875 430.9814335396773
17423.27690767999 28100.57744482689 334.110379337272
17371.471804891233 27892.79274624522 328.4697936819399
17147.256100387243 27559.640110376953 299.75287702847936
17030.741889003482 27310.417902890993 294.357643965492
16933.26291489181 26963.37528476687 326.6630344114761
16987.797597449597 26649.227590398055 315.08813526793995
16603.35383232715 26297.018948221703 284.46206193601535
16284.822596187481 25947.295166683554 273.35954243896896
16141.806576808696 25544.074145353254 289.1799824297477
16740.341917051912 25845.489121676066 793.2525538352105
17799.91198333368 28882.325947909736 429.12877518994185
17710.075576077634 28701.26797650395 331.2565356009593
17471.76020225354 28503.60488323793 356.5301579580526
17356.785083187446 28134.600885963802 357.9888495192343
17531.59999081768 27842.908059368827 336.5822444079097
17116.926121470904 27525.27096937484 307.4502876537366
16860.219049382955 27095.668456783867 297.79755880055603
16822.474379366755 26657.662474378114 359.733024176724
16748.409865934165 26284.034049452777 312.95383237916326
16573.270377715304 26006.48635512126 282.5954574713682
16653.73712425364 26345.242616671705 672.9616137144343
18198.89338051139 29477.957236842107 426.80949146404913
17803.937469877423 29240.232005092297 281.1044192370546
18165.695218694167 29086.485342019543 285.1978486798597
17954.135667542352 28885.82617545288 329.1102276294831
17837.270166876897 28410.761148442274 324.6020089666874
17536.183131201396 27989.157415184138 417.1215223414693
17301.850226829014 27595.688539999494 298.4400846149446
17190.673727115198 27168.580993137675 297.36434992620906
17226.747859153063 26716.145544780087 272.09733162128856
16853.233723831778 26343.64838505383 280.1931171660719
16773.721287622757 26661.1666498639 590.2786017750216
18441.30586682667 29741.790055248617 532.764857112012
18132.960083144473 29454.341473300232 295.0601485954863
18494.456341951 29263.224669603525 369.6943096777392
18197.60142263534 29124.44248460427 305.9029800836245
17942.15434085507 28774.228209673336 403.5072236783215
18023.295890845577 28509.860830356916 412.9945461110655
17565.796903190832 28311.712107782307 522.8233976606025
17771.721202164215 28279.82550981634 793.2509534411889
17496.755166962237 27795.55695080888 693.5457837873698
17356.112126328797 27408.736516939283 653.7623050044222
17424.273599967142 27668.477293323936 784.5843632191342
18347.848361227523 29861.852581470135 375.7790955451689
18452.83475453007 29705.82621024914 298.0766381967996
18386.469105728127 29634.57477783123 304.14628102052177
18318.627806652144 29608.99460773145 378.4906849625078
18779.177037494115 29741.723315353644 401.9109958252181
18304.314114267698 29715.16208415616 391.53529640309307
18340.664332383454 29477.99888624513 446.3684676844411
18378.20697133667 28749.572123176662 382.3770115329161
17752.029921864643 28780.95452716298 602.116704809543
18529.08137920099 29824.149119918955 297.681003401973
18585.687741491467 29552.700691471848 345.72321406732794
18159.352146164187 29329.48756143284 502.99807823916257
17739.65085436663 28987.182342816646 557.834160712229
18011.974484420312 28780.76905551477 423.6521953832912
17793.07854719915 28368.185622371955 404.0421155712613
17590.993788026288 27939.582736362485 362.2947449569112
18250.243190118425 28136.65100332762 567.4614114760047
18017.672190887402 29551.45730425311 330.69314268623833
17889.208735325472 29137.568055133273 314.1069104088109
18116.626027900755 28946.275063941855 295.641665868863
18018.15131951183 28787.179897664522 309.41790799762424
17845.22807973994 28486.81623250044 360.47202195790817
17690.937854391086 28112.338322064374 435.02344351908187
17372.36600154565 28130.696737817158 643.8315583272514
19026.66586327203 29909.010281083818 791.5529905148464
18743.519353394888 29574.541329011347 746.461219800874
18460.109133993472 29340.866095717884 790.5918048307332
